    9.100642489183741E-03    2.980244476796922E+04    9.881171602773281E+04    9.881200465834554E+04    2.072549882769454E+05    2.072552713611647E+05    2.072554322871153E+05    3.551323310525071E+05    3.551324420537555E+05    3.551326533102454E+05    3.551327794613488E+05    5.424435493332648E+05    5.424436556270869E+05    5.424437842126307E+05    5.424439579348428E+05    5.424440435164445E+05    7.691887537551876E+05    7.691888525033884E+05    7.691889170527097E+05    7.691890715114325E+05    7.691891905044151E+05
    3.048636648471348E-02    2.845931781485941E+03    8.995024253181771E+03    8.995957453067756E+03    1.865830079769959E+04    1.865922824313905E+04    1.865975171510457E+04    3.183601834757404E+04    3.183635705834287E+04    3.183705563962700E+04    3.183747149385795E+04    4.852749993435626E+04    4.852782663572965E+04    4.852824237308279E+04    4.852882449576189E+04    4.852910748051863E+04    6.873308732700594E+04    6.873339815815014E+04    6.873353701059672E+04    6.873409399644245E+04    6.873452900543742E+04
    6.403661698629914E-02    7.834497330208256E+02    2.176393377590400E+03    2.178250107993323E+03    4.366107734625416E+03    4.367994730340277E+03    4.369033252722766E+03    7.353203749077497E+03    7.353822317769156E+03    7.355250675286829E+03    7.356086729253616E+03    1.113620707731014E+04    1.113681088423644E+04    1.113764352166327E+04    1.113882751672327E+04    1.113939186053340E+04    1.571585649511655E+04    1.571643706819387E+04    1.571667954508998E+04    1.571780937273875E+04    1.571870492701603E+04
    1.096666858430195E-01    3.597414695847895E+02    8.336441997128881E+02    8.366083868138356E+02    1.579566230073283E+03    1.582667406432103E+03    1.584318157726368E+03    2.598703585478273E+03    2.599564508794528E+03    2.601925758483298E+03    2.603285197896706E+03    3.888420087398595E+03    3.889286178618718E+03    3.890618214584622E+03    3.892562625946101E+03    3.893476669792420E+03    5.450035941958023E+03    5.450879302107600E+03    5.451199459064992E+03    5.453029684070080E+03    5.454527899050579E+03
    1.672644481545040E-01    2.101523646147018E+02    4.126200126095696E+02    4.167863828339557E+02    7.323760763453090E+02    7.368719981422205E+02    7.391784393195104E+02    1.171474967390500E+03    1.172441097848154E+03    1.175894189405866E+03    1.177858499042163E+03    1.725713726756441E+03    1.726768420241620E+03    1.728615161111845E+03    1.731441768344782E+03    1.732769748646053E+03    2.397221436361062E+03    2.398261108802349E+03    2.398594291391069E+03    2.401171726695806E+03    2.403415175973400E+03
    2.366888210566849E-01    1.317115691741022E+02    2.314606656916108E+02    2.368598399972297E+02    3.901119919844137E+02    3.960856162253840E+02    3.990546135014562E+02    6.108114936145013E+02    6.116443173970841E+02    6.163049458265622E+02    6.189405062347274E+02    8.873753615739479E+02    8.885301888198792E+02    8.908108113967883E+02    8.946145058475131E+02    8.964264198388757E+02    1.223043531476897E+03    1.224181282098027E+03    1.224437557928496E+03    1.227701623947622E+03    1.230852112372966E+03
    3.177698626218293E-01    7.852432179646860E+01    1.324733459590902E+02    1.390866193800208E+02    2.194540412957280E+02    2.268466793592814E+02    2.304735869214585E+02    3.437431110133044E+02    3.441497029042316E+02    3.500670731458972E+02    3.534181852174407E+02    4.968569652834310E+02    4.980963692420604E+02    5.005944319306044E+02    5.054483214905744E+02    5.078134595670396E+02    6.835156357820049E+02    6.846617621777242E+02    6.848012884424745E+02    6.885371361711049E+02    6.927768872899909E+02
    4.103091324485924E-01    3.758445329680976E+01    6.859922045017703E+01    7.631646593760192E+01    1.199354647100934E+02    1.284825985436013E+02    1.327654704598616E+02    1.961956992982594E+02    1.969278689071895E+02    2.035230555283649E+02    2.075793921370156E+02    2.880408176513893E+02    2.895320287040459E+02    2.918629962588649E+02    2.977920833753747E+02    3.007548774481009E+02    4.004830450775623E+02    4.016192710943910E+02    4.018850645907895E+02    4.055987370769069E+02    4.110780032479740E+02
    5.140801607707495E-01    4.622129564540217E+00    2.320384838581059E+01    3.168854624122730E+01    5.551565308866884E+01    6.468844928124346E+01    6.959532335249915E+01    1.052217758596598E+02    1.073292061243045E+02    1.137502307708828E+02    1.183740321074910E+02    1.643030794799015E+02    1.663800038687738E+02    1.680449375684013E+02    1.749480389423145E+02    1.784897809069804E+02    2.362511261124533E+02    2.378429015036017E+02    2.382268680408832E+02    2.414634050181108E+02    2.481702585751703E+02
    6.288289967118628E-01   -2.206664878895246E+01   -1.042333875279242E+01   -1.954387720348763E+00    1.146343407175024E+01    2.047414367240994E+01    2.583375842122405E+01    4.515732346262922E+01    4.895895266806176E+01    5.464139605431021E+01    5.944185687378959E+01    8.562719218192379E+01    8.854266697236795E+01    8.924133090091902E+01    9.669697006865493E+01    1.006866039862822E+02    1.337087953571924E+02    1.362900285641958E+02    1.365789836669415E+02    1.392710224738418E+02    1.467669895723876E+02
    7.542748272850455E-01   -4.339196392408601E+01   -3.542524414661504E+01   -2.823854816599101E+01   -1.912496532537800E+01   -1.106414520970884E+01   -5.690035495483471E+00    4.042497751527677E+00    9.243233808941483E+00    1.410943549935783E+01    1.834673982077108E+01    3.354101977207696E+01    3.647063673542851E+01    3.789873231767044E+01    4.430108170530667E+01    4.849799658149652E+01    6.653885154425228E+01    7.001703524196151E+01    7.045885432467938E+01    7.315154993595749E+01    8.019496987992235E+01
    8.901106634624147E-01   -5.987354548425056E+01   -5.372186857625490E+01   -4.868975430601026E+01   -4.066618620906894E+01   -3.349843753321747E+01   -2.877706317695656E+01   -2.429145137293428E+01   -1.885779397942949E+01   -1.404975298538805E+01   -1.107632919953278E+01   -1.460664836029608E+00    1.082543363089570E+00    3.649361273192739E+00    8.124765718416924E+00    1.236706179821230E+01    2.135673928316930E+01    2.496959200544022E+01    2.663558489441019E+01    2.959771713671546E+01    3.480680352491154E+01
    1.036004090868960E+00   -7.182704090176652E+01   -6.681446874350034E+01   -6.375723384966972E+01   -5.639192266251245E+01   -4.911816310626089E+01   -4.560575222490839E+01   -4.352237632385942E+01   -3.907220561042469E+01   -3.405875474897884E+01   -3.162595221497318E+01   -2.501444038198763E+01   -2.257941381015374E+01   -1.998416865341775E+01   -1.714949410853713E+01   -1.292315648328253E+01   -9.271627552725604E+00   -5.708405356296723E+00   -3.018649117860662E+00    2.188602862026698E-01    3.255518985967313E+00
    1.191598082959400E+00   -7.968772477003259E+01   -7.581492183128431E+01   -7.410736843054418E+01   -6.793012032343384E+01   -5.966647649902947E+01   -5.745357767122950E+01   -5.635763053001907E+01   -5.309460374740046E+01   -4.852983615910554E+01   -4.537227985312708E+01   -4.087810704507783E+01   -3.815286238411897E+01   -3.640003853537416E+01   -3.465108785240417E+01   -3.086418583269057E+01   -2.977071193718812E+01   -2.633524620540298E+01   -2.348827503319887E+01   -1.981552510310073E+01   -1.853250179872504E+01
    1.356511874555815E+00   -8.407971840037990E+01   -8.148995718373526E+01   -8.057720155843404E+01   -7.598977973683346E+01   -6.641433738663578E+01   -6.537473294406126E+01   -6.483569187656316E+01   -6.201252750145087E+01   -5.838419479734146E+01   -5.442573101348583E+01   -5.158133915163084E+01   -4.878268310016480E+01   -4.734871795805397E+01   -4.632926108633273E+01   -4.353973344864458E+01   -4.289118603312430E+01   -4.005027432091531E+01   -3.770586233505394E+01   -3.368334072440051E+01   -3.294206939449019E+01
    1.530341893546476E+00   -8.568633448646833E+01   -8.443193476303323E+01   -8.395998831173645E+01   -8.106220284194663E+01   -7.061439828142092E+01   -7.016682479518192E+01   -6.989699259078071E+01   -6.701127149192345E+01   -6.456218574231221E+01   -6.000353196044965E+01   -5.885640746759051E+01   -5.614997099158622E+01   -5.497696217361109E+01   -5.301897527741855E+01   -5.156148680897945E+01   -5.101099752480364E+01   -4.926444379699662E+01   -4.710049786066047E+01   -4.328108531566916E+01   -4.206334613434381E+01
    1.712662748435117E+00   -8.520945130040893E+01   -8.511877517400777E+01   -8.493069066152231E+01   -8.364207761891588E+01   -7.318358022894918E+01   -7.296241291486996E+01   -7.136298795501452E+01   -6.937495892453499E+01   -6.791356802998325E+01   -6.367718772529031E+01   -6.298778079038991E+01   -6.063722464997578E+01   -5.998696643211238E+01   -5.662922547783960E+01   -5.613762304807468E+01   -5.583349079280685E+01   -5.537946503220341E+01   -5.259928846583497E+01   -4.936724845022600E+01   -4.772090857009394E+01
    1.903028269307842E+00   -8.428988451171671E+01   -8.418780591160851E+01   -8.403254865617761E+01   -8.301404877823222E+01   -7.392217408521850E+01   -7.377571584304590E+01   -7.099801460908164E+01   -6.995277845075069E+01   -6.912690473352785E+01   -6.641214912632771E+01   -6.408795237473245E+01   -6.293397500664268E+01   -6.268467660639398E+01   -5.964829165606987E+01   -5.872215754572618E+01   -5.820900643690450E+01   -5.783181998091646E+01   -5.523481266469159E+01   -5.288060394867561E+01   -5.141462138277042E+01
    2.100972599661408E+00   -8.324962228570128E+01   -8.207143228649345E+01   -8.174784931278698E+01   -7.976231461793148E+01   -7.318781438878563E+01   -7.310296088284289E+01   -6.938215491959431E+01   -6.924805097646335E+01   -6.875218500124832E+01   -6.744132827316017E+01   -6.388231347072202E+01   -6.358844819687585E+01   -6.350852234616167E+01   -6.178845482311302E+01   -5.961149573377245E+01   -5.924714142783732E+01   -5.786625935933380E+01   -5.602709418953335E+01   -5.452047922612473E+01   -5.360877960311172E+01
    2.306011336415998E+00   -8.110965722562395E+01   -7.896521957778444E+01   -7.851288896633947E+01   -7.576250041744863E+01   -7.138573423580004E+01   -7.132712494616999E+01   -6.767517547208341E+01   -6.723786131592900E+01   -6.714818351271302E+01   -6.688925258278185E+01   -6.325220294074583E+01   -6.315159173892219E+01   -6.249901189289414E+01   -6.228005487537585E+01   -5.939126612152756E+01   -5.914480319375791E+01   -5.684498907613088E+01   -5.571697257822365E+01   -5.480849465765298E+01   -5.438911192903879E+01
    2.517642715319711E+00   -7.813453679555175E+01   -7.523082689271099E+01   -7.465521615933311E+01   -7.131663333364705E+01   -6.886314825801048E+01   -6.876347961859909E+01   -6.590466340525164E+01   -6.543730865737159E+01   -6.497503328971537E+01   -6.391368179533274E+01   -6.223692837542636E+01   -6.175403166694403E+01   -6.171110337395992E+01   -6.018518429072275E+01   -5.837956911021418E+01   -5.821671898096625E+01   -5.513864518045752E+01   -5.474593301051524E+01   -5.418496982105236E+01   -5.403898256190214E+01
    2.735348838842094E+00   -7.459336936195919E+01   -7.112260899103524E+01   -7.043075343715142E+01   -6.666443083188858E+01   -6.586208322649304E+01   -6.571681916438665E+01   -6.400521043622126E+01   -6.278786690904803E+01   -6.229951109345600E+01   -6.095185871107716E+01   -6.071565767523487E+01   -5.973103296495884E+01   -5.965889986253219E+01   -5.758753668505604E+01   -5.685260565991454E+01   -5.672215762490542E+01   -5.345062385569857E+01   -5.301892920352449E+01   -5.299767651270828E+01   -5.291636992119438E+01
    2.958596943550730E+00   -7.070471377244310E+01   -6.685235469480182E+01   -6.604592967373068E+01   -6.259602667097214E+01   -6.242564849068058E+01   -6.200051894785142E+01   -6.172042983686252E+01   -5.992081437674217E+01   -5.946296895544990E+01   -5.907229649705270E+01   -5.753436760656776E+01   -5.727604194609157E+01   -5.710412462909169E+01   -5.502167009518434E+01   -5.486900991382886E+01   -5.470450958761512E+01   -5.190075382993899E+01   -5.141485621213502E+01   -5.118857595184423E+01   -5.114747346756668E+01
    3.186840703868691E+00   -6.664526842953632E+01   -6.260813508980908E+01   -6.167753758859508E+01   -5.926415434192062E+01   -5.923783263370355E+01   -5.908606200667332E+01   -5.750652459481049E+01   -5.700616004495487E+01   -5.674576114555715E+01   -5.664630285932174E+01   -5.456591851540829E+01   -5.454275242572101E+01   -5.429198687897836E+01   -5.302054230867491E+01   -5.280627176556480E+01   -5.172162065760076E+01   -5.012042653282629E+01   -4.995232781994700E+01   -4.954419224076483E+01   -4.918263924586169E+01
    3.419521569021871E+00   -6.256092611274572E+01   -5.859372418049280E+01   -5.751945979380086E+01   -5.676185330959903E+01   -5.593289668334282E+01   -5.585713402454785E+01   -5.418465000691599E+01   -5.413919878384908E+01   -5.395055536033508E+01   -5.348946385043331E+01   -5.175892845918432E+01   -5.171992906097331E+01   -5.148534157333319E+01   -5.092184829696710E+01   -5.056462981481763E+01   -4.883314523621846E+01   -4.856476365575328E+01   -4.822028414629582E+01   -4.763873169044859E+01   -4.704602335937810E+01
    3.656070129904150E+00   -5.858466705987641E+01   -5.508820244050644E+01   -5.431568586141483E+01   -5.393838502647238E+01   -5.281807127904363E+01   -5.269170007605140E+01   -5.159495235679866E+01   -5.142010577753251E+01   -5.134498666425643E+01   -5.069286882888641E+01   -4.904232285926872E+01   -4.896676714392899E+01   -4.870321408046152E+01   -4.851211433661393E+01   -4.808935840346194E+01   -4.710671329058637E+01   -4.627852181147769E+01   -4.622575212328859E+01   -4.572251079860857E+01   -4.528222464083656E+01
    3.895907512515232E+00   -5.488283736148181E+01   -5.233275047548718E+01   -5.192865340288181E+01   -5.133053196989567E+01   -5.032763530928752E+01   -4.985026369961435E+01   -4.906933421199223E+01   -4.895701139992574E+01   -4.874422842236849E+01   -4.842849707137562E+01   -4.667642944683623E+01   -4.662411744803683E+01   -4.627307155023173E+01   -4.566947984013091E+01   -4.557648278429201E+01   -4.521596671674629E+01   -4.427304323441318E+01   -4.405215996662641E+01   -4.371665774000309E+01   -4.362614241456793E+01
    4.138446794561035E+00   -5.177876225756763E+01   -5.025990247090837E+01   -4.944990867233940E+01   -4.943121989684512E+01   -4.866692928098844E+01   -4.814953982290539E+01   -4.774430337768744E+01   -4.626719697507102E+01   -4.611693637823057E+01   -4.540342034040774E+01   -4.449453282290667E+01   -4.441764621367437E+01   -4.403652145743756E+01   -4.393096633331567E+01   -4.357331665343506E+01   -4.274062364172777E+01   -4.214755106699342E+01   -4.203587236010776E+01   -4.190031253048564E+01   -4.162814279175105E+01
    4.383094441749860E+00   -4.959415644213041E+01   -4.868305731491296E+01   -4.804025096013628E+01   -4.750164058625169E+01   -4.698165130413693E+01   -4.686286239021710E+01   -4.664324720767501E+01   -4.411900424734768E+01   -4.360761057824256E+01   -4.313746216969557E+01   -4.261301686591684E+01   -4.246232117501480E+01   -4.215083445758329E+01   -4.209218411670957E+01   -4.155200322853246E+01   -4.139915372121669E+01   -4.015679049288835E+01   -3.990750339755964E+01   -3.990200744755172E+01   -3.958125518720475E+01
    4.629251760269421E+00   -4.809103352562309E+01   -4.746708181595535E+01   -4.696459907035199E+01   -4.665534108877242E+01   -4.622830885004787E+01   -4.610094013229474E+01   -4.399737706995848E+01   -4.222672977901812E+01   -4.187293055678768E+01   -4.158746227800532E+01   -4.140764334259784E+01   -4.116468357353947E+01   -4.045411613600703E+01   -4.026344622910425E+01   -4.006293963114946E+01   -3.945689158860549E+01   -3.843276524380019E+01   -3.820433651433270E+01   -3.799664586279155E+01   -3.782006815841227E+01
    4.876316361890207E+00   -4.699504153160430E+01   -4.652374562964332E+01   -4.613157177228278E+01   -4.603936967117907E+01   -4.573385673914220E+01   -4.544368405285157E+01   -4.205180634178964E+01   -4.071926723657635E+01   -4.058871757923625E+01   -4.041401694969989E+01   -4.032735809944499E+01   -4.025761241469902E+01   -3.975982055087596E+01   -3.841732630705041E+01   -3.828304874047562E+01   -3.777359197458653E+01   -3.688668646735912E+01   -3.684069947159006E+01   -3.673133970888963E+01   -3.636919962798983E+01
    5.123683638109793E+00   -4.617304697316786E+01   -4.579645021776444E+01   -4.559987460939507E+01   -4.547524638089951E+01   -4.535178720438278E+01   -4.493153208891322E+01   -4.074145950822685E+01   -3.998120909701695E+01   -3.990988124678123E+01   -3.975258078048986E+01   -3.951937700207451E+01   -3.929706967253470E+01   -3.838801666267008E+01   -3.689165453586839E+01   -3.666236417118441E+01   -3.650512976350471E+01   -3.585864869390420E+01   -3.578307716866021E+01   -3.552223062325019E+01   -3.549604835890491E+01
    5.370748239730579E+00   -4.554121360294299E+01   -4.529354208465298E+01   -4.524852824241497E+01   -4.505680457869563E+01   -4.494399603831773E+01   -4.452835337407662E+01   -3.975268961901991E+01   -3.948451185888199E+01   -3.932315870777933E+01   -3.930619752256776E+01   -3.902258576627757E+01   -3.881667963770683E+01   -3.693574479999040E+01   -3.582180377846866E+01   -3.554331045450753E+01   -3.517992297338560E+01   -3.504366650044418E+01   -3.498621855090604E+01   -3.494795976301877E+01   -3.476941218627762E+01
    5.616905558250140E+00   -4.507855383968609E+01   -4.504263210020669E+01   -4.484542534146919E+01   -4.483935501376443E+01   -4.450082449524738E+01   -4.420777349698296E+01   -3.904762004206396E+01   -3.899697788312732E+01   -3.896438147125790E+01   -3.883764412925128E+01   -3.879934549439948E+01   -3.823824403685207E+01   -3.586428541114538E+01   -3.499501784338609E+01   -3.481148654573422E+01   -3.453642442292193E+01   -3.446767072142322E+01   -3.438681743928531E+01   -3.432662716860223E+01   -3.425451432206786E+01
    5.861553205438965E+00   -4.491710214124696E+01   -4.469045513789300E+01   -4.464440951020068E+01   -4.454290392097045E+01   -4.412504972071436E+01   -4.394932024627371E+01   -3.873248921371041E+01   -3.864281986361299E+01   -3.856179451096872E+01   -3.846409484825975E+01   -3.831667365671117E+01   -3.775711958342224E+01   -3.505965111598413E+01   -3.435356248345543E+01   -3.425498446673316E+01   -3.424561267051733E+01   -3.422219286947062E+01   -3.395065049467444E+01   -3.385334554719905E+01   -3.372628097883160E+01
    6.104092487484768E+00   -4.477906159025168E+01   -4.459412787846866E+01   -4.434641415555017E+01   -4.428158887443711E+01   -4.380337000358176E+01   -4.373678661586199E+01   -3.849540977305139E+01   -3.839280265815898E+01   -3.813986620213365E+01   -3.812200766671229E+01   -3.782720111221167E+01   -3.736729232025743E+01   -3.443487687589422E+01   -3.403485702861580E+01   -3.400433440403273E+01   -3.385160803829320E+01   -3.382954227786882E+01   -3.368003584394587E+01   -3.342402823861327E+01   -3.320348630190436E+01
    6.343929870095850E+00   -4.464381423754735E+01   -4.452825672062919E+01   -4.413557841708027E+01   -4.403252295048718E+01   -4.355778330587358E+01   -4.352572484800730E+01   -3.829509102002469E+01   -3.807600603937614E+01   -3.788081880681932E+01   -3.774616896254751E+01   -3.736364232878790E+01   -3.704434430621174E+01   -3.392915814938132E+01   -3.385105028415234E+01   -3.380036416654250E+01   -3.349853489220828E+01   -3.345025296667617E+01   -3.338871888172064E+01   -3.308762294621611E+01   -3.273038390941198E+01
    6.580478430978129E+00   -4.450360400520707E+01   -4.446665969234686E+01   -4.394987320154195E+01   -4.382757277197088E+01   -4.340285775355013E+01   -4.328527540853759E+01   -3.811773687874157E+01   -3.770550030103871E+01   -3.765995615760278E+01   -3.740205210946148E+01   -3.702507002762106E+01   -3.668619956820675E+01   -3.367374642622033E+01   -3.357559335913902E+01   -3.350315110936384E+01   -3.323374863634590E+01   -3.311784892043126E+01   -3.306631461746106E+01   -3.283332444775955E+01   -3.228389570979512E+01
    6.813159296131309E+00   -4.441302051355813E+01   -4.433299960322121E+01   -4.376946448159428E+01   -4.366342131743773E+01   -4.326434649607541E+01   -4.307725892559476E+01   -3.794596208653040E+01   -3.741112043738950E+01   -3.732767293090647E+01   -3.710530684353912E+01   -3.682617450617535E+01   -3.626497602266633E+01   -3.348808733461644E+01   -3.332191251542159E+01   -3.313512208348657E+01   -3.301587748323161E+01   -3.283126203437397E+01   -3.273231063784499E+01   -3.264521035280181E+01   -3.189020060022790E+01
    7.041403056449270E+00   -4.432919490737878E+01   -4.416043216838617E+01   -4.359681476414919E+01   -4.351939549754793E+01   -4.313562915165079E+01   -4.289710710920537E+01   -3.777343642569284E+01   -3.711733995684460E+01   -3.704299694075986E+01   -3.678577129090290E+01   -3.666754232894195E+01   -3.586814497545368E+01   -3.328284307555319E+01   -3.306976908642833E+01   -3.283345321313163E+01   -3.281954321376254E+01   -3.257763738834644E+01   -3.249654182194867E+01   -3.240857429331233E+01   -3.164455710482182E+01
    7.264651161157905E+00   -4.422393845933323E+01   -4.397713403064645E+01   -4.346087370447820E+01   -4.335351677275509E+01   -4.301093139959016E+01   -4.273900238081662E+01   -3.760547523971722E+01   -3.688745968126376E+01   -3.678263774488977E+01   -3.650684855406384E+01   -3.641965465485836E+01   -3.553367952084454E+01   -3.305807955134946E+01   -3.287379580375840E+01   -3.268074709250440E+01   -3.257691720694564E+01   -3.237209205369393E+01   -3.231953446631454E+01   -3.208642269402860E+01   -3.142545471092530E+01
    7.482357284680289E+00   -4.409686575745084E+01   -4.379029127608824E+01   -4.335549786251313E+01   -4.316512553782608E+01   -4.288537669672503E+01   -4.259520653705065E+01   -3.745582666866500E+01   -3.679450011857620E+01   -3.643209876424238E+01   -3.632398664784271E+01   -3.606912505236477E+01   -3.527148038901614E+01   -3.286837068141654E+01   -3.270754710702256E+01   -3.255540921024993E+01   -3.243616335660795E+01   -3.217366538555638E+01   -3.210521347170240E+01   -3.175765671581075E+01   -3.128908776129234E+01
    7.693988663584002E+00   -4.395189173359439E+01   -4.360686299489580E+01   -4.325716417200562E+01   -4.297782981477268E+01   -4.275507284333946E+01   -4.245590145273835E+01   -3.733958306101172E+01   -3.672612536100159E+01   -3.619893055396952E+01   -3.601214764436271E+01   -3.575707980651978E+01   -3.507080291898566E+01   -3.279171896436154E+01   -3.246178634543317E+01   -3.245634757417762E+01   -3.234763735501764E+01   -3.196974890626529E+01   -3.190358143706137E+01   -3.151287306598155E+01   -3.110082653465493E+01
    7.899027400338592E+00   -4.379603386797182E+01   -4.343216061210378E+01   -4.315726924271487E+01   -4.280637373155412E+01   -4.261736852958045E+01   -4.230992082847169E+01   -3.726174314653929E+01   -3.666320300028233E+01   -3.605192661394815E+01   -3.563934355306195E+01   -3.548848755728321E+01   -3.490280789155984E+01   -3.273329449164712E+01   -3.238222975066763E+01   -3.227016485372422E+01   -3.220567569417310E+01   -3.178780535021589E+01   -3.172180456989439E+01   -3.138579855594315E+01   -3.099043249604378E+01
    8.096971730692157E+00   -4.363939600012054E+01   -4.326728273845930E+01   -4.305264631953898E+01   -4.266168785130868E+01   -4.247143840654928E+01   -4.214842100598557E+01   -3.721064610340807E+01   -3.660275752841879E+01   -3.595073135548116E+01   -3.528075358687364E+01   -3.526208594847144E+01   -3.473266967844881E+01   -3.264539111359654E+01   -3.233055982183060E+01   -3.219073985381205E+01   -3.199249747122250E+01   -3.163871633146983E+01   -3.155813030811845E+01   -3.123768352340403E+01   -3.091927710496212E+01
    8.287337251564882E+00   -4.349492843761036E+01   -4.310734310184019E+01   -4.294265966134355E+01   -4.254707624700109E+01   -4.231877542008297E+01   -4.197043995410719E+01   -3.716657896617079E+01   -3.654897304075531E+01   -3.589480986373204E+01   -3.507452498185869E+01   -3.495521717591665E+01   -3.453857937977088E+01   -3.251977409472484E+01   -3.229770709810586E+01   -3.210508089754134E+01   -3.182731468122441E+01   -3.152681763180114E+01   -3.140901176430990E+01   -3.102949869293957E+01   -3.083284935911642E+01
    8.469658106453524E+00   -4.337516179036109E+01   -4.294416131816418E+01   -4.282820381733426E+01   -4.245839007535190E+01   -4.216281642659751E+01   -4.178248531876658E+01   -3.711366721421012E+01   -3.650336010568373E+01   -3.586965217577809E+01   -3.492183413846647E+01   -3.467388991411859E+01   -3.432092412955977E+01   -3.236327246545807E+01   -3.227930060396145E+01   -3.201225574832632E+01   -3.167763040033957E+01   -3.144856030807066E+01   -3.127465569575867E+01   -3.079939164794095E+01   -3.072908830863159E+01
    8.643488125444184E+00   -4.328574954541345E+01   -4.277356429302708E+01   -4.271123821762292E+01   -4.238931075551082E+01   -4.200772457743444E+01   -4.159264380085442E+01   -3.704363523284478E+01   -3.646331639043864E+01   -3.585577922027610E+01   -3.479979156147657E+01   -3.443828835247631E+01   -3.409620559063274E+01   -3.227089166581276E+01   -3.218863577949773E+01   -3.191298996392900E+01   -3.151656785666089E+01   -3.139744247207811E+01   -3.115565346280419E+01   -3.060742428187164E+01   -3.059088239015543E+01
    8.808401917040600E+00   -4.322378599997354E+01   -4.259834764990267E+01   -4.259479646489910E+01   -4.233404473973484E+01   -4.185720367020308E+01   -4.140710942881901E+01   -3.695446546226923E+01   -3.642471842218875E+01   -3.583817378794649E+01   -3.470396696030443E+01   -3.424348909430849E+01   -3.388337313791313E+01   -3.226851367191338E+01   -3.200872368084808E+01   -3.180888919975134E+01   -3.136682477101594E+01   -3.133562400740952E+01   -3.105144911287545E+01   -3.046722908196796E+01   -3.042739896870994E+01
    8.963995909131039E+00   -4.318268498953680E+01   -4.248400841505185E+01   -4.242433801309640E+01   -4.228616296085336E+01   -4.171393123538273E+01   -4.122989714240530E+01   -3.684812253602328E+01   -3.638408417346640E+01   -3.580851719508639E+01   -3.462989476206675E+01   -3.408477294981429E+01   -3.369352833985173E+01   -3.226901220505633E+01   -3.183285816919893E+01   -3.170202134269120E+01   -3.135062841938680E+01   -3.113818361342920E+01   -3.096073479695625E+01   -3.031111963683824E+01   -3.031069426679557E+01
    9.109889336537584E+00   -4.315618384216952E+01   -4.238953891430393E+01   -4.225686977093832E+01   -4.223442553471502E+01   -4.157954309573957E+01   -4.106345382680860E+01   -3.672869419604497E+01   -3.633942836877801E+01   -3.576391168341839E+01   -3.457326264155957E+01   -3.395859543655377E+01   -3.352961303652721E+01   -3.227013898468075E+01   -3.166603683821836E+01   -3.159474745215304E+01   -3.134359413564226E+01   -3.093363028851154E+01   -3.088189081807512E+01   -3.022821759981420E+01   -3.014452325084161E+01
    9.245725172714955E+00   -4.313945532780198E+01   -4.232714283245181E+01   -4.216275235935260E+01   -4.209984767616120E+01   -4.145488194936571E+01   -4.090921564708415E+01   -3.660114433853159E+01   -3.629022925284091E+01   -3.570503427665470E+01   -3.453007940053352E+01   -3.386112164877934E+01   -3.339006365022387E+01   -3.227048449028624E+01   -3.151035186810357E+01   -3.149008502335222E+01   -3.134089642768039E+01   -3.081327947539006E+01   -3.073337799346686E+01   -3.016308271832069E+01   -2.997529229457922E+01
    9.371171003288136E+00   -4.312903198835991E+01   -4.229515534259299E+01   -4.207253740240915E+01   -4.195584717679880E+01   -4.134030154772778E+01   -4.076798400893365E+01   -3.647062509018428E+01   -3.623696122951947E+01   -3.563462186029992E+01   -3.449682914807763E+01   -3.378771675187986E+01   -3.327171695156079E+01   -3.226932771255748E+01   -3.139714972176546E+01   -3.136667555307831E+01   -3.133256056503265E+01   -3.075342512339897E+01   -3.054862690214802E+01   -3.010231941216613E+01   -2.981066276517169E+01
    9.485919839229251E+00   -4.312251513097840E+01   -4.227909944862783E+01   -4.197800811047229E+01   -4.182636519753556E+01   -4.123592489592135E+01   -4.064016365593280E+01   -3.634236302234360E+01   -3.618033845041971E+01   -3.555639945376838E+01   -3.447060249090697E+01   -3.373336031583137E+01   -3.317134953840849E+01   -3.226646318944024E+01   -3.136227464795708E+01   -3.127213479943207E+01   -3.123557076409402E+01   -3.070110646679050E+01   -3.038935531977885E+01   -3.003715136676415E+01   -2.965680107274247E+01
    9.589690867551408E+00   -4.311830649830619E+01   -4.227083780861600E+01   -4.188709088039029E+01   -4.171205674788273E+01   -4.114181743984808E+01   -4.052591148861411E+01   -3.622269718359325E+01   -3.611970348685490E+01   -3.547437911519137E+01   -3.444917481000518E+01   -3.369330763465204E+01   -3.308626863975296E+01   -3.226203963667773E+01   -3.136051418134801E+01   -3.118496824782783E+01   -3.111755596718172E+01   -3.065538396444633E+01   -3.026247620213941E+01   -2.996314100075035E+01   -2.951815141697084E+01
    9.682230137378170E+00   -4.311539264683285E+01   -4.226679428502673E+01   -4.180321436309120E+01   -4.161294940706433E+01   -4.105807089734085E+01   -4.042523012377922E+01   -3.612309891284697E+01   -3.604867969488293E+01   -3.539243408100768E+01   -3.443101028552568E+01   -3.366357858840453E+01   -3.301440655698707E+01   -3.225642520284468E+01   -3.136171510884276E+01   -3.110194317356896E+01   -3.101309856617551E+01   -3.061558470515149E+01   -3.016780225282367E+01   -2.988259798382532E+01   -2.939735028463759E+01
    9.763311178943315E+00   -4.311317613431677E+01   -4.226513230422750E+01   -4.172814117805367E+01   -4.152864831728951E+01   -4.098481675689695E+01   -4.033802836846319E+01   -3.605347828978893E+01   -3.596171585905773E+01   -3.531406418089367E+01   -3.441519416399122E+01   -3.364115697330426E+01   -3.295422519286090E+01   -3.225010274141282E+01   -3.136284049511307E+01   -3.102699171501702E+01   -3.092254204312891E+01   -3.058126368345586E+01   -3.009789656323299E+01   -2.980384523052740E+01   -2.929542173505136E+01
    9.832735551845495E+00   -4.311134493194567E+01   -4.226477882649301E+01   -4.166293830747532E+01   -4.145852280922221E+01   -4.092220146272586E+01   -4.026416236973138E+01   -3.600241524680120E+01   -3.587382411546387E+01   -3.524228631195938E+01   -3.440131461458483E+01   -3.362395823009174E+01   -3.290458536491805E+01   -3.224359266084927E+01   -3.136341061987983E+01   -3.096153438242898E+01   -3.084604418598979E+01   -3.055215553904697E+01   -3.004466797391039E+01   -2.973449659535940E+01   -2.921213598663451E+01
    9.890333314156980E+00   -4.310977277605215E+01   -4.226507345289415E+01   -4.160831173146688E+01   -4.140185963199011E+01   -4.087035440915853E+01   -4.020346538235911E+01   -3.596153066380686E+01   -3.579624713352818E+01   -3.517960130344860E+01   -3.438932183408286E+01   -3.361067051339851E+01   -3.286463798191333E+01   -3.223739862801373E+01   -3.136344620815184E+01   -3.090645030556529E+01   -3.078355410618216E+01   -3.052812588359211E+01   -3.000324420331165E+01   -2.967799957087659E+01   -2.914643866254747E+01
    9.935963383013700E+00   -4.310844440156870E+01   -4.226560907344528E+01   -4.156474494066996E+01   -4.135797398125046E+01   -4.082936796271412E+01   -4.015577036553145E+01   -3.592912595553538E+01   -3.573289040762366E+01   -3.512800346707738E+01   -3.437938840394080E+01   -3.360055423619387E+01   -3.283374839629617E+01   -3.223197099297949E+01   -3.136312682106765E+01   -3.086235976331165E+01   -3.073483739238044E+01   -3.050912739431112E+01   -2.997139294111734E+01   -2.963482366020348E+01   -2.909687423891783E+01
    9.969513633515287E+00   -4.310740064575958E+01   -4.226614177487531E+01   -4.153256839553647E+01   -4.132628028228172E+01   -4.079929458484197E+01   -4.012092758525168E+01   -3.590511496493171E+01   -3.568547190528513E+01   -3.508901067157064E+01   -3.437178687459330E+01   -3.359325069181278E+01   -3.281144912931347E+01   -3.222768327952676E+01   -3.136267100319980E+01   -3.082970576772945E+01   -3.069954536214868E+01   -3.049516318118636E+01   -2.994824841315782E+01   -2.960422833190686E+01   -2.906194620700184E+01
    9.990899357510816E+00   -4.310669943999238E+01   -4.226653298717388E+01   -4.151200111284066E+01   -4.130633315446561E+01   -4.078015774591652E+01   -4.009881957551080E+01   -3.588969920136869E+01   -3.565492570565912E+01   -3.506370218459171E+01   -3.436679283431732E+01   -3.358862389425504E+01   -3.279741355464026E+01   -3.222481804909619E+01   -3.136227544824615E+01   -3.080879293599825E+01   -3.067731239145715E+01   -3.048625881191700E+01   -2.993354673860842E+01   -2.958528376752913E+01   -2.904038478634601E+01
